% Author: Hashaam Zafar
% Date: 24/09/2025

Q5.tau = 0.26; 
Q5.Tr1 = (550 - 80) / 1000; 
Q5.zeta = 1.7; 
a2Submit