% Date: 08/10/2025
% Name: Hashaam Zafar
% Student Number: 10078020

Q1.G11 = G1*G2 / (1 + G1*G2*H2*G5*(G3/G2+G4*H1));
Q1.G12 = G4 / (G4*H1 + G3/G2 - 1 / (-1*G1*G2*G5*H2));
Q1.G21 = (G1*G2*H1*G4+G1*G3) / (1/G5 + H2*G1*G2*H1*G4+H2*G1*G3);
Q1.G22 = -1 * G4 / (1 / G5 + H2*G1*G2*H1*G4 + H2*G1*G3);
a4Submit